0.6415
1.3385
1.1802
1.7864
1.4719
3.3387
1.9661
0.8037
0.0000
0.7796
2.9144
3.1014
0.8689
1.4194
3.1694
12.2195
25.2470
16.6976
17.6386
15.2344
14.3658
16.0671
12.0686
16.6420
14.1139
22.0679
30.4780
23.0144
15.5869
27.2676
24.4095
23.5220
23.1913
89.7269
69.9028
90.0516
62.6681
85.8630
82.2338
63.3483
63.3399
57.7700
65.5678
79.3340
65.5678
56.2917
88.8958
61.1822
89.7269
73.3766
74.1608
87.2148
110.1110
115.8008
112.7317
116.2704
118.0779
108.9572
112.9239
119.3041
114.8028
113.1602
113.8379
114.6984
112.8478
113.6655
107.5420
112.7972
116.8810
116.2357
116.9000
121.1365
124.5236
121.9435
124.2808
127.5873
118.2782
124.9707
120.8559
121.5159
122.1777
122.3850
129.5696
123.1180
122.3660
118.2841
126.0309
