0.6075
1.4907
1.4297
1.7621
1.3562
3.4520
1.9949
0.7892
0.0000
0.8253
3.1094
3.3730
0.8452
1.4043
3.3204
12.1437
21.7783
16.4379
17.5320
15.2631
14.2397
16.0635
12.1517
17.3520
14.4454
22.8530
27.1415
26.9265
16.1549
25.5374
25.0997
24.6454
24.9944
58.7893
74.4685
55.4864
84.0460
60.6781
64.9137
86.0098
84.6202
77.2404
85.3660
66.5183
86.4074
80.9227
52.3594
84.5167
56.4544
72.1561
71.3971
59.2667
98.8008
94.7874
100.5747
97.9647
97.5544
95.3095
100.2914
98.0769
98.1239
100.5658
94.7133
99.7516
98.2544
98.2683
97.7018
96.5349
97.5318
95.9161
99.7153
99.9482
101.3568
98.8300
96.4793
95.5705
96.6141
91.9767
96.8525
93.1743
95.4338
99.5605
