0.641457110792946
1.33848893413456
1.18024986049443
1.78635024814354
1.4719033490648
3.33868350983598
1.96609560468153
0.803738680104543
0
0.779562463263335
2.91438901068799
3.10142580402777
0.868890269545492
1.41944846960699
3.16941382762583
12.2194913873972
25.2469883118082
16.6975806807183
17.6385632418041
15.2343992398689
14.3658405090128
16.0671352701878
12.0686332128149
16.6419754150116
14.113915415071
22.0679099348532
30.4780451068496
23.0144306176881
15.586937188618
27.2675925061138
24.4094657280905
23.5220252876735
23.191268475721
89.7269184523127
69.9028057722726
90.0516327373281
62.6681050839314
85.8630055700102
82.2338093930485
63.3483138408416
63.3398849199075
57.7699933926607
65.567757626318
79.3340139093448
65.567757626318
56.2917302665404
88.8957850130585
61.182183768391
89.7269184523127
73.376592110979
74.1608423966254
87.2147782927644
110.110951901223
115.800802230852
112.731679202557
116.270359681098
118.077881479905
108.957181998846
112.923915199006
119.304122159229
114.802783947912
113.160216230218
113.837865770043
114.69840629023
112.847808896082
113.665525597272
107.542020965684
112.797201961713
116.88096330113
116.235721692707
116.90001899238
121.136486386068
124.523554849086
121.943490301294
124.28075509901
127.58733893671
118.278219650611
124.970670154522
120.85589303259
121.515936417512
122.17774699445
122.385023688797
129.569611834106
123.11795197615
122.366033832481
118.284101873916
126.030881047671
